-3545.475586	3446.050781	10.031250
-3430.972168	3429.293213	10.031250
-3467.020020	3524.957520	10.031250
-3489.853271	3332.542725	10.031250
-3484.237061	3228.541748	22.883842
-3494.291016	3092.341553	10.031250
-3401.007324	3083.603271	8.344894
-3161.794434	3098.950928	9.325497
-2935.843506	3097.459229	10.031250
-2935.597412	2829.396973	10.031250
-2951.063721	2579.094238	10.031250
-2999.567627	2307.781250	8.754893
-3136.389893	2426.155029	8.499832
-3344.873047	2444.067627	7.222538
-3361.263428	2105.715332	6.620956
-3615.225098	2096.360840	6.597279
-3647.998291	2431.155762	7.952354
-3665.378662	2644.035400	8.687145
-3353.771729	2634.152344	6.835491
-3132.452637	2637.513184	8.366631
-3157.239258	2880.666504	9.173000
-3038.325439	2784.599365	7.497890
-3374.003662	2856.876465	7.161875
-3644.043701	2869.483887	7.772316
-3932.019775	2903.000244	7.334343
-3810.935303	3072.328125	21.879951
-4070.931885	3000.260498	10.031250
-4115.999512	3218.348633	32.872025
-3901.667480	3192.699707	23.856998
-3843.432861	2864.912354	8.380062
-3787.957031	2660.502441	10.031143
-3939.599121	2722.215088	7.563615
-4060.791504	2693.573242	10.031250
-4049.710938	2491.159424	10.031250
-4064.775879	2276.297852	10.031250
-3956.803955	2250.947510	10.031250
-3875.937500	2409.690918	7.334587
-3841.521973	2546.171387	8.422962
-3933.712158	2063.421387	10.031250
-4023.923096	2143.633301	10.031250
-4058.573975	1894.651367	10.031250
-4082.469971	1641.171753	10.031250
-4125.749512	1391.517456	10.031250
-3931.946045	1518.285400	10.031250
-3870.989746	1612.744995	10.031250
-3723.064941	1713.037476	10.031250
-3888.835205	1817.739868	10.031250
-3511.585205	1783.908569	10.031250
-3541.923828	1526.176147	10.031250
-3250.114502	1480.464111	10.029247
-3017.473633	1508.233887	71.195663
-2774.782471	1497.545776	138.031250
-2888.419678	1402.749023	102.268707
-2896.166016	1599.217773	60.671967
-2945.136475	1830.339355	10.031250
-2994.970215	2154.603271	8.895943
-3105.791016	1881.496948	7.498371
-3229.124268	1666.023071	6.475800
-2759.874756	1751.637451	138.031250
-2755.458984	2047.886230	138.031250
-2757.799316	2302.516357	138.031250
-2762.211670	2605.963135	138.031250
-2804.768066	2528.097412	138.031250
-2763.810059	2892.737305	138.031250
-2636.802002	3276.394531	138.031250
-2620.882568	3079.713867	138.031250
-2774.374512	3078.703857	138.031250
-2702.462646	3512.376953	138.031250
-2784.442383	3525.308594	138.031250
-2845.201904	3476.143311	138.031250
-2803.269043	3784.560303	138.031250
-2815.097168	4004.041504	138.031250
-2919.252686	4103.375488	138.031250
-3355.983887	4079.352783	138.031250
-3102.955322	4030.152100	138.031250
-3440.615479	4201.331543	138.031250
-3538.986816	4200.927246	138.031250
-3539.279297	4054.167480	138.031250
-3816.464844	4194.964355	138.031250
-4091.616943	4189.719727	138.031250
-4074.966797	4338.416992	138.031250
-3780.093018	4351.935547	138.031250
-3605.853027	4345.566895	138.031250
-3607.349365	4438.820801	138.031250
-3359.617676	4345.184082	138.031250
-3416.519531	4510.214844	138.031250
-3544.292725	4486.184570	138.031250
-3562.637207	4668.444336	138.031250
-3697.920654	4876.202637	138.031250
-3695.367920	4951.690430	138.031250
-3570.739014	4912.468262	138.031250
-3672.189697	4726.330566	138.031250
-3383.005859	4749.583008	138.031250
-3129.766357	4724.198730	138.031250
-3085.285156	4553.187500	138.031250
-3205.125244	4508.930664	138.031250
-3257.461914	4629.175293	138.031250
-3374.260498	5030.818848	138.031250
-3219.021484	5039.698730	138.031250
-2966.155029	5036.790527	138.031250
-2733.724609	5036.577637	138.031250
-2724.310303	4863.242188	138.031250
-2719.819824	4745.538574	138.031250
-2718.802246	4619.491699	138.031250
-2722.963867	4405.269531	138.031250
-2720.467285	4191.528320	138.031250
-2532.770020	4132.947266	138.031250
-2524.987305	3945.218506	138.031250
-2669.406738	3916.795166	138.031250
-2649.650635	3773.448242	138.031250
-2639.263672	3567.509033	138.031250
-2824.752686	4566.949707	10.031250
-2716.144287	4636.936523	10.031250
-2718.624756	4966.140137	10.031250
-2715.562744	4787.961426	10.031250
-2867.685059	5050.561523	10.031250
-2720.000000	5060.000000	10.031250
-3124.317627	5054.845215	10.031250
-3130.871826	4887.803223	10.031250
-3163.538574	4740.633789	10.031250
-3015.459229	4614.258789	10.031250
-3204.811768	4472.359375	10.031250
-3209.346436	4290.245605	10.031250
-3107.063721	4235.046387	10.031250
-3087.921143	3890.874756	10.031250
-3159.445801	4015.068848	10.031250
-3188.364502	3746.149902	10.031250
-2891.552002	3917.174072	10.031250
-2872.405762	4152.206055	10.031250
-2863.654541	3695.520996	10.031250
-2952.892090	3515.158936	10.031250
-2868.096924	3427.763916	10.031250
-3189.874023	3467.575928	11.031250
-3287.162109	3552.981201	10.031250
-2908.341064	4372.590820	10.031250
-2936.510254	4782.873047	10.031250
-2890.210693	5167.374023	10.031250
-2818.227051	5332.347656	10.031250
-2980.542480	5354.731934	10.031250
-2780.923828	5516.201660	10.043716
-2798.931152	5644.823730	10.031250
-3084.558594	5636.136719	10.031250
-3170.905518	5671.917969	10.031250
-3494.471680	5628.698242	10.031250
-3501.561279	5492.445801	10.031250
-3639.622803	5647.075684	10.031250
-3844.116455	5633.713867	10.031250
-3921.852783	5750.032227	10.031250
-3911.464355	6103.564941	10.031250
-3812.912598	5472.194336	10.031250
-3987.725098	5398.021973	10.031250
-3622.915527	5349.441406	10.031250
-3224.537109	5413.325195	10.031250
-3611.663818	5163.482910	10.031250
-3617.260254	4937.941406	10.031250
-3805.562256	4948.661621	74.031250
-3872.792236	4910.106445	74.031250
-3827.987793	4876.478516	74.031250
-3671.073730	4877.502930	10.031250
-3828.555176	4879.678223	10.031250
-3626.435059	4719.600098	10.031250
-3614.611572	4594.831055	10.031250
-3762.509521	4601.941895	10.031250
-4066.344482	4422.174805	10.031250
-4101.361328	4530.101074	10.031250
-4129.595703	4700.419922	10.031250
-3968.860840	4596.127441	10.031250
-4050.136963	4317.060059	10.031250
-4122.903320	4194.393066	10.031250
-3683.333496	4210.811523	10.031250
-3683.865479	4043.362061	10.031250
-3869.109375	4232.559082	10.031250
-3667.192627	4372.305176	10.031250
-3563.186768	4332.481934	10.031250
-3424.758301	4276.932617	10.031250
-3818.857178	4333.973633	10.031250
-3075.779297	5740.060547	12.031250
-3078.125244	5825.485840	12.031250
-3223.040039	5829.206055	12.031250
-3504.999268	5819.009277	12.031250
-3397.588867	5868.660156	23.165451
-3367.959229	5779.902832	13.645786
-3757.948486	2950.768311	10.031250
-2917.307129	2533.357666	10.031250
